Precision: 0.6731654003418727
Recall: 0.6741787624140565
F1 Score: 0.6736199124867794
Accuracy: 0.6741787624140565