Precision: 0.6956293029300084
Recall: 0.6787624140565317
F1 Score: 0.6813673475363176
Accuracy: 0.6787624140565317