Precision: 0.789351135845115
Recall: 0.7872421695951107
F1 Score: 0.7853077224452955
Accuracy: 0.7872421695951107