Precision: 0.7593180141076794
Recall: 0.7551566080977846
F1 Score: 0.7554401976463
Accuracy: 0.7551566080977846